0.0 0.16800001120000074
5.527638190954774 1654.4721102981407
11.055276381909549 3322.320221488015
16.582914572864322 4183.104278873619
22.110552763819097 4938.636329242422
27.638190954773872 5623.064374870958
33.165829145728644 6254.964416997628
38.69346733668342 6845.828456388564
44.221105527638194 7403.420493561366
49.74874371859297 7933.328528888569
55.276381909547744 8439.764562650971
60.80402010050252 8925.968595064573
66.33165829145729 9394.476626298441
71.85929648241206 9847.280656485376
77.38693467336684 10285.984685732312
82.91457286432161 10711.884714125648
88.44221105527639 11126.044741736316
93.96984924623116 11529.384768625652
99.49748743718594 11922.708794847253
105.02512562814071 12306.736820449121
110.55276381909549 12682.128845475256
116.08040201005026 13049.488869965924
121.60804020100504 13409.376893958459
127.13567839195981 13762.316917487795
132.66331658291458 14108.76494058433
138.19095477386935 14449.148963276597
143.71859296482413 14783.844985589665
149.2462311557789 15113.181007545401
154.77386934673368 15437.449029163268
160.30150753768845 15756.889050459271
165.82914572864323 16071.725071448338
171.356783919598 16382.133092142207
176.88442211055278 16688.27711255181
182.41206030150755 16990.30113268674
187.93969849246233 17288.321152554745
193.4673366834171 17582.469172164612
198.99497487437188 17872.83319152221
204.52261306532665 18159.529210635283
210.05025125628143 18442.653229510215
215.5778894472362 18722.301248153417
221.10552763819098 18998.58526657235
226.63316582914575 19271.597284773154
232.16080402010053 19541.44530276302
237.6884422110553 19808.233320548887
243.21608040201008 20072.06533813769
248.74371859296485 20333.04135553609
254.27135678391963 20591.27337275156
259.7989949748744 20846.86138979076
265.32663316582915 21099.901406660094
270.85427135678395 21350.50142336676
276.3819095477387 21598.749439916628
281.9095477386935 21844.72545631503
287.43718592964825 22088.525472568366
292.96482412060305 22330.2374886825
298.4924623115578 22569.921504661434
304.0201005025126 22807.649520509967
309.54773869346735 23043.489536232635
315.07537688442216 23277.505551833703
320.6030150753769 23509.741567316105
326.1306532663317 23740.24158268277
331.65829145728645 23969.053597936905
337.18592964824126 24196.229613081974
342.713567839196 24421.785628119043
348.2412060301508 24645.753643050244
353.76884422110555 24868.161657877445
359.2964824120603 25089.037672602513
364.8241206030151 25308.405687227045
370.35175879396985 25526.269701751313
375.87939698492465 25742.64971617665
381.4070351758794 25957.561730504116
386.9346733668342 26171.021744734782
392.46231155778895 26383.037758869184
397.98994974874375 26593.61777290785
403.5175879396985 26802.773786851587
409.0452261306533 27010.51380070092
414.57286432160805 27216.85381445692
420.10050251256285 27421.797828119856
425.6281407035176 27625.353841690256
431.1557788944724 27827.533855168924
436.68341708542715 28028.34986855666
442.21105527638196 28227.813881854257
447.7386934673367 28425.94189506279
453.2663316582915 28622.737908182527
458.79396984924625 28818.221921214794
464.32160804020106 29012.40193416013
469.8492462311558 29205.30194702013
475.3768844221106 29396.9339597956
480.90452261306535 29587.3139724876
486.43216080402016 29776.465985097733
491.9597989949749 29964.397997626533
497.4874371859297 30151.134010075602
503.01507537688445 30336.694022446267
508.54271356783926 30521.09803473987
514.070351758794 30704.370046958004
519.5979899497488 30886.530059102006
525.1256281407036 31067.59007117267
530.6532663316583 31247.578083171873
536.1809045226131 31426.518095101208
541.7085427135679 31604.426106961742
547.2361809045226 31781.334118755607
552.7638190954774 31957.258130483875
558.2914572864322 32132.218142147878
563.819095477387 32306.234153748945
569.3467336683417 32479.32616528841
574.8743718592965 32651.51817676788
580.4020100502513 32822.83018818868
585.9296482412061 32993.29019955268
591.4572864321608 33162.914210860945
596.9849246231156 33331.71822211455
602.5125628140704 33499.71823331455
608.0402010050252 33666.93424446228
613.5678391959799 33833.38225555882
619.0954773869347 33999.07826660522
624.6231155778895 34164.05027760335
630.1507537688443 34328.314288554284
635.678391959799 34491.878299458556
641.2060301507538 34654.75431031695
646.7336683417086 34816.96232113082
652.2613065326634 34978.506331900426
657.7889447236181 35139.402342626825
663.3165829145729 35299.66235331082
668.8442211055277 35459.30636395376
674.3718592964825 35618.34237455616
679.8994974874372 35776.78238511883
685.427135678392 35934.63039564202
690.9547738693468 36091.894406126296
696.4824120603016 36248.582416572164
702.0100502512563 36404.70242698016
707.5376884422111 36560.26243735083
713.0653266331659 36715.26644768443
718.5929648241206 36869.726457981764
724.1206030150754 37023.650468243366
729.6482412060302 37177.0424784695
735.175879396985 37329.90248866017
740.7035175879397 37482.23449881563
746.2311557788945 37634.04250893617
751.7587939698493 37785.330519022034
757.2864321608041 37936.098529073235
762.8140703517588 38086.3545390903
768.3417085427136 38236.09454907297
773.8693467336684 38385.33055902204
779.3969849246232 38534.06256893751
784.9246231155779 38682.286578819105
790.4522613065327 38830.01058866737
795.9798994974875 38977.22659848177
801.5075376884423 39123.94260826284
807.035175879397 39270.15061801004
812.5628140703518 39415.86262772418
818.0904522613066 39561.07063740471
823.6180904522614 39705.77464705164
829.1457286432161 39849.98265666551
834.6733668341709 39993.69466624631
840.2010050251257 40136.906675793776
845.7286432160805 40279.61868530791
851.2562814070352 40421.83469478898
856.78391959799 40563.55070423672
862.3115577889448 40704.766713651115
867.8391959798996 40845.48272303218
873.3668341708543 40985.70273238018
878.8944723618091 41125.42674169512
884.4221105527639 41264.65075097672
889.9497487437186 41403.37876022525
895.4773869346734 41541.61076944072
901.0050251256282 41679.34677862312
906.532663316583 41816.59078777272
912.0603015075377 41953.34279688952
917.5879396984925 42089.60280597352
923.1155778894473 42225.37481502499
928.6432160804021 42360.65482404365
934.1708542713568 42495.45083303005
939.6984924623116 42629.76284198419
945.2261306532664 42763.590850906054
950.7537688442212 42896.938859795926
956.2814070351759 43029.80686865379
961.8090452261307 43162.198877479925
967.3366834170855 43294.11888627459
972.8643216080403 43425.566895037795
978.391959798995 43556.54290376953
983.9195979899498 43687.054912470325
989.4472361809046 43817.10692114046
994.9748743718594 43946.69492977966
1000.5025125628141 44075.8229383882
1006.0301507537689 44204.498946966596
1011.5577889447237 44332.722955514866
1017.0854271356785 44460.502964033534
1022.6130653266332 44587.83497252233
1028.140703517588 44714.7269809818
1033.6683417085428 44841.178989411936
1039.1959798994976 44967.19899781327
1044.7236180904524 45092.79100618607
1050.2512562814072 45217.9590145306
1055.7788944723618 45342.70302284687
1061.3065326633166 45467.031031135404
1066.8341708542714 45590.94703939647
1072.3618090452262 45714.455047630334
1077.889447236181 45837.55905583727
1083.4170854271358 45960.267064017804
1088.9447236180906 46082.57907217194
1094.4723618090452 46204.50308030021
1100.0 46326.039088402606