1.000000000000000000e+00
1.294688235703171264e+00
1.676217627668190158e+00
2.170179243020283977e+00
2.809705535305575097e+00
3.637692702350209473e+00
4.709677946836093199e+00
6.097564631719355255e+00
7.894445195126789550e+00
1.022084532153407999e+01
1.323280819673197151e+01
1.713236109762538106e+01
2.218106636291423683e+01
2.871756567541639171e+01
3.718029443799479594e+01
4.813688980885191881e+01
6.232226493886045660e+01
8.068790323871884596e+01
1.044656790867251033e+02
1.352504857483258149e+02
1.751072127714968474e+02
2.267092483620290864e+02
2.935177967794274991e+02
3.800140384598389574e+02
4.919997049960054483e+02
6.369862300277590066e+02
8.246985783218538018e+02
1.067727547354434591e+03
1.382374294495986987e+03
1.789743736422425627e+03
2.317160160469551556e+03
3.000000000000000909e+03
