4.623949225787602360e-08
3.586148185034753651e-08
2.781271599880702798e-08
2.157041819034624131e-08
1.672914407198869494e-08
1.297444750142323996e-08
1.006245658888902480e-08
7.804034302872867038e-09
6.052493511438530959e-09
4.694069652643323886e-09
3.640531531231688509e-09
2.823450608465319230e-09
2.189756452274797350e-09
1.698289717528786266e-09
1.317128718441544438e-09
1.021516077476470181e-09
7.922507623312766247e-10
6.144412096629674442e-10
4.765384515669166669e-10
3.695860358977158856e-10
2.866379078257215357e-10
2.223068368744437628e-10
1.724146745746035449e-10
1.337211387491760355e-10
1.037125363710410015e-10
8.043925327328885255e-11
6.239022510810105271e-11
4.839311183134150526e-11
3.753844444062242695e-11
2.912033185665134116e-11
2.259281394861041452e-11
1.753073283668640969e-11
1.360566939238009276e-11
1.056176098590810160e-11
8.201533422743055924e-12
6.370867259406094830e-12
4.950659684085553984e-12
3.848645562666952782e-12
2.993158899989490517e-12
2.328716440386017163e-12
1.812615896648795344e-12
1.412059075154570910e-12
1.101779660591125018e-12
8.623169704078545002e-13
6.783874804811829374e-13
5.375887910036510565e-13
4.295248685977282418e-13
3.456214904150047198e-13
2.795387123823684468e-13
2.278449496248542520e-13
1.888794155754911803e-13
1.601774298491639645e-13
1.380196160777517666e-13
1.212032199461670760e-13
1.105867678015851372e-13
1.034575843085235265e-13
9.999503171963887349e-14
1.001782076725936339e-13
1.030723084574631627e-13
1.064356307463748163e-13
1.079387775760484012e-13
1.060530430872356858e-13
1.038747441422607344e-13
1.082177382252099895e-13
