3.660558180865353283e-08
2.183849413161742753e-08
1.302863184933599037e-08
7.772855525914380544e-09
4.637351637719691542e-09
2.766776332198562339e-09
1.650823857891190423e-09
9.850657671879382621e-10
5.878879134751312536e-10
3.509399278833887195e-10
2.095819320546039166e-10
1.252505419162622285e-10
7.494053189893282255e-11
4.492762881704781902e-11
2.702434501083048417e-11
1.634551970241780272e-11
9.977717733516758941e-12
6.182884196267125349e-12
3.924606372790108742e-12
2.584211151930537575e-12
1.789612646375263658e-12
1.303219004172955547e-12
9.394950468654085154e-13
5.994864639251729042e-13
3.591734243498645450e-13
2.327461955375864951e-13
1.5732283712633684e-13
1.1008839552871527e-13
7.610103508226777e-14
5.3594399423169847e-14
3.2732619419562503e-14
1.9218282161748337e-14
