7.566716506960068555e-08
5.868527185306601496e-08
4.551450777737652375e-08
3.529943710122940480e-08
2.737679284358038548e-08
2.123239951884968370e-08
1.646734559124361043e-08
1.277179375047508763e-08
9.905483539100240548e-09
7.682491863907003186e-09
5.958532430547325526e-09
4.621411405067554209e-09
3.584453020218263366e-09
2.780192753144535101e-09
2.156466273868377787e-09
1.672717591523749206e-09
1.297540852048327820e-09
1.006570078268976828e-09
7.809054972532834529e-10
6.058891277437816600e-10
4.701522400330812537e-10
3.648798613375382108e-10
2.832354985369848398e-10
2.199168093757358732e-10
1.708101462907789523e-10
1.327252209652694947e-10
1.031893193082661701e-10
8.028377831495792606e-11
6.252079014579152466e-11
4.874546560096335460e-11
3.806411400349974841e-11
2.978161972637175941e-11
2.336042296079308900e-11
1.838239474836725201e-11
1.452445189636789826e-11
1.153486283913174221e-11
9.218898022968747639e-12
7.425550204428211762e-12
6.037209171231369783e-12
4.962008459895738667e-12
4.127811699690315907e-12
3.476890572346991123e-12
2.961174700413905629e-12
2.538927421357924666e-12
2.173084584962441403e-12
1.834233043125023739e-12
1.509450894707073521e-12
1.209743189613472390e-12
9.605684530933888477e-13
7.798291800381338051e-13
6.616918568042490190e-13
5.753698592658687255e-13
4.906434995964653286e-13
4.228327319742669428e-13
3.866685879944821480e-13
3.481775020560087149e-13
3.216645482544506607e-13
3.004895500998697479e-13
2.853796433949507844e-13
2.690784530699553471e-13
2.563585085579222374e-13
2.444366855140510497e-13
2.331026058413986029e-13
2.229737238091173392e-13
