3.660524563771074202e-08
2.838972991863217352e-08
2.201808006544408629e-08
1.707645088252814550e-08
1.324389712470528056e-08
1.027153607877284674e-08
7.966323792924026368e-09
6.178494226887955308e-09
4.791906610228237995e-09
3.716524785640442954e-09
2.882512128385586618e-09
2.235677570356871781e-09
1.734024688143166654e-09
1.344959384815976433e-09
1.043218432567033930e-09
8.091996771128098020e-10
6.277037802429911281e-10
4.869428090667237360e-10
3.777743342836669205e-10
2.931076234513183896e-10
2.274434051634985679e-10
1.765168833953482518e-10
1.370205041874012727e-10
1.063890238286139149e-10
8.263271652232745712e-11
6.420841037358178072e-11
4.991962925789038356e-11
3.883825401845035920e-11
3.024449883323392258e-11
2.357992571337958180e-11
1.841190602898507041e-11
1.440445063765227317e-11
1.129736827354978373e-11
8.888593395761478213e-12
7.021721351975109055e-12
5.575207594275559031e-12
4.454934584376974452e-12
3.587932194763776781e-12
2.917484279462647734e-12
2.399376238518653204e-12
1.998865160171093966e-12
1.687981243830821315e-12
1.442939206051346250e-12
1.241792186201731702e-12
1.063033476644487718e-12
8.888531077101608560e-13
7.170714441491145632e-13
5.617262310379779337e-13
4.343941047697696112e-13
3.409387643583433904e-13
2.754799071493261200e-13
2.230423760884236366e-13
1.757718723349487081e-13
1.377405889624954730e-13
1.098498113226144959e-13
8.507479414371181984e-14
6.550236165491032561e-14
4.926906607508593183e-14
3.644780491473738528e-14
2.623047612921931495e-14
1.854389631416372117e-14
1.293889479418369998e-14
9.015771773755020353e-15
6.406067427127436429e-15
