9.916797679854048039e-08
7.691053993023675700e-08
5.964883556774372888e-08
4.626181113905019610e-08
3.587964214459747688e-08
2.782753843653782947e-08
2.158235223344535473e-08
1.673878481384391916e-08
1.298252013109102136e-08
1.006930531270844103e-08
7.809824790551328141e-09
6.057560817288645726e-09
4.698509040702963319e-09
3.644527327535838803e-09
2.827073481907964494e-09
2.193102863466740135e-09
1.701421212270158228e-09
1.320091019742344337e-09
1.024345803370778149e-09
7.949777915059286868e-10
6.170910822275950518e-10
4.791304630946607849e-10
3.721348628039617697e-10
2.891545942445238758e-10
2.248002745137040841e-10
1.748922752402654701e-10
1.361887436988429994e-10
1.061760636545896726e-10
8.290462943987537514e-11
6.486306896959236613e-11
5.087953650655834380e-11
4.004581120431348080e-11
3.165835309361329938e-11
2.517254704074178475e-11
2.016750986120744616e-11
1.631895747761236716e-11
1.337850941222307077e-11
1.115825337647253575e-11
9.519880712679230036e-12
8.368349975318909597e-12
7.650753447552977869e-12
7.362699062118688705e-12
7.565273403678594643e-12
8.405006345311681916e-12
1.003153815586371779e-11
1.187487196916526082e-11
1.139009067299409547e-11
8.143296995339968695e-12
5.501834033402134828e-12
4.360139637315274001e-12
4.157736430753651417e-12
3.832884532788082282e-12
2.741741779306298031e-12
2.035334428482136445e-12
1.708415720487347733e-12
1.234101119811380770e-12
9.463228890970315112e-13
6.943457634507205645e-13
5.142326772764480495e-13
3.689387223562713513e-13
2.681264853823992358e-13
1.940207609512491264e-13
1.418280538692534837e-13
1.081892535570554721e-13
