1.501875311204202859e-08
1.164799039998536525e-08
9.033754179707887539e-09
7.006247199265216509e-09
5.433787934047225777e-09
4.214254465365672909e-09
3.268443517992024751e-09
2.534910780978914951e-09
1.966006642177031674e-09
1.524787476583381773e-09
1.182598774198730461e-09
9.172086502118744180e-10
7.113845937668314653e-10
5.517547410771620420e-10
4.279530547208543754e-10
3.319372291006455623e-10
2.574711306899109303e-10
1.997181904234041435e-10
1.549273114689259819e-10
1.201892680617761662e-10
9.324779446199100341e-11
7.235307113549163803e-11
5.614801436943392395e-11
4.358012163047064423e-11
3.383303343918120061e-11
2.627359247458965737e-11
2.041088344735185714e-11
1.586410199707744505e-11
1.233790597416446194e-11
9.603158568728020572e-12
7.482331872721072941e-12
5.837541215070070032e-12
4.561994971630956854e-12
3.572736508774184234e-12
2.805530977611555222e-12
2.210432143041410075e-12
1.748729122012734417e-12
1.390371265566439899e-12
1.111970911661358693e-12
8.952908982050363769e-13
7.260629277360424620e-13
5.930214606375377907e-13
4.871212002013629781e-13
4.009914044727059173e-13
3.286672211464926982e-13
2.660086603227950751e-13
2.118904263756509742e-13
1.669958726247702702e-13
1.310978896451344993e-13
1.038462580116741306e-13
8.378595140346997071e-14
6.811321741605831225e-14
5.499658115794404799e-14
4.451839054229770441e-14
3.670671784924335440e-14
3.000181079677764258e-14
2.458631340170301533e-14
1.996371994768291211e-14
1.600752037682152259e-14
1.245519299522129423e-14
9.407516815921822675e-15
6.869875207742113239e-15
4.903818668262317235e-15
3.518522708590385370e-15
