1.000000000000000000e+00
1.135513758849464372e+00
1.289391496536439474e+00
1.464121784860628717e+00
1.662530431340479176e+00
1.887826179293048856e+00
2.143652600903473093e+00
2.434147022519333348e+00
2.764007435133160051e+00
3.138568472155921718e+00
3.563887683224190805e+00
4.046843499295210478e+00
4.595246473360224293e+00
5.217965595805013734e+00
5.925071727239735964e+00
6.728000468450681559e+00
7.639737101471390623e+00
8.675026592713489748e+00
9.850612054411156393e+00
1.118550552087225647e+01
1.270129541863709122e+01
1.442249570307409101e+01
1.637694230778790683e+01
1.859624331837706634e+01
2.111629015092957928e+01
2.397783800223796646e+01
2.722716495900477440e+01
3.091682042541393116e+01
3.510647497293566488e+01
3.986388535647282083e+01
4.526599030347259855e+01
5.140015479753957095e+01
5.836558297959847863e+01
6.627492251660417821e+01
7.525608638428622044e+01
8.545432152652087154e+01
9.703455784651040972e+01
1.101840755185868659e+02
1.251155337574637372e+02
1.420704100273947574e+02
1.613229053114915530e+02
1.831843785987680917e+02
2.080083823051905938e+02
2.361963800635632538e+02
2.682042393526135129e+02
3.045496039666473962e+02
3.458202655562836867e+02
3.926836696281358172e+02
4.458977097382455099e+02
5.063229844472427885e+02
5.749367152615672012e+02
6.528485506472266025e+02
7.413185117048575421e+02
8.417773697306729446e+02
9.558497852172921512e+02
1.085380582507541021e+03
1.232464585025358474e+03
1.399480493590990591e+03
1.589129355714008398e+03
1.804478248004842044e+03
2.049009878154075068e+03
2.326678908662415324e+03
2.641975913211029820e+03
3.000000000000000909e+03
