2.103778797344878093e-08
1.631617774547696143e-08
1.265424981487245983e-08
9.814158965736511890e-09
7.611469982359328274e-09
5.903162628725945033e-09
4.578306703484795976e-09
3.550805599886291935e-09
2.753893265146309077e-09
2.135840542747122510e-09
1.656516922014147893e-09
1.284761866064305741e-09
9.964512644886937696e-10
7.728445464625584849e-10
5.994275168679059248e-10
4.649308087052815569e-10
3.606204677595888243e-10
2.797216799705037007e-10
2.169798426532810454e-10
1.683197408914103586e-10
1.305807548430813621e-10
1.013118858202992642e-10
7.861221814337631548e-11
6.100747018278163906e-11
4.735404319204181596e-11
3.676498553616361569e-11
2.855269069122722614e-11
2.218372187429365095e-11
1.724437335120710478e-11
1.341361570583107754e-11
1.044282718294420487e-11
8.138791496429698600e-12
6.351935096917078563e-12
4.965995676677575972e-12
3.891000198732808168e-12
3.056921021282772355e-12
2.409502195876824371e-12
1.906627817921020106e-12
1.515517868191084572e-12
1.210641289982983462e-12
9.721139054099395411e-13
7.844105001998847545e-13
6.353662849036276061e-13
5.155244895532041229e-13
4.176769232628868221e-13
3.366301484634633287e-13
2.690899630838552128e-13
2.134546254834274512e-13
1.691435958789800363e-13
1.355576675177274201e-13
1.109239464252546988e-13
9.206024834143691694e-14
7.629911846434496845e-14
6.395049290213405593e-14
5.531608966124248587e-14
4.809895709928169466e-14
4.283320636513985395e-14
3.893150605992092590e-14
3.627416250338429974e-14
3.423035923179189092e-14
3.288174265115945005e-14
3.180040644030565226e-14
3.094789249712399696e-14
3.070080414770500155e-14
