1.520767044414479046e-10
1.520789757547526162e-10
1.520818730710583772e-10
1.520856095124557151e-10
1.520904280534931271e-10
1.520967262254970157e-10
1.521048279064297349e-10
1.521152010820019322e-10
1.521285599504772313e-10
1.521458908781307815e-10
1.521681693652995531e-10
1.521968956540581463e-10
1.522340031871310968e-10
1.522817866811506642e-10
1.523434481988944804e-10
1.524230436950675718e-10
1.525256483212788213e-10
1.526580652958520355e-10
1.528289701370874187e-10
1.530496064760293331e-10
1.533344115748585974e-10
1.537025081433516377e-10
1.541782051391571328e-10
1.547935793800916054e-10
1.555903490050096549e-10
1.566230674277003702e-10
1.579638053221391911e-10
1.597077201510352045e-10
1.619813323806597670e-10
1.649548405751912951e-10
1.688581363409778675e-10
1.740059846896190909e-10
1.808326062080732015e-10
1.899429475280599478e-10
2.021806104222317038e-10
2.187060604581589919e-10
2.410286835063157433e-10
2.707797123129148869e-10
3.085535662456389218e-10
3.503092468491160926e-10
3.807830740725553781e-10
3.744965147485721816e-10
3.234820809206466605e-10
2.556330225383273073e-10
2.010607450574745885e-10
1.699171967108545939e-10
1.630955325208811540e-10
1.838008097834452177e-10
2.273317717948155940e-10
2.147081248525508402e-10
1.468785160341952691e-10
1.205676924609554331e-10
1.342974679835479234e-10
1.174933982323366388e-10
8.799457423341240538e-11
8.896295776809178288e-11
6.736179345540886966e-11
6.335188935760892406e-11
5.695008570516478859e-11
5.200846393749013741e-11
5.600840205225456709e-11
7.055151357142700969e-11
1.133982988096153713e-10
2.630558836358758662e-10
