4.995628316457189513e-07
3.874439789529298116e-07
3.004888042236613943e-07
2.330492740237932606e-07
1.807452288223237006e-07
1.401806632973967070e-07
1.087208378247907775e-07
8.432186790036542343e-08
6.539868559330364326e-08
5.072265788265562277e-08
3.934064793696377662e-08
3.051310838277500083e-08
2.366690207714241192e-08
1.835720578141432660e-08
1.423923659592538966e-08
1.104549146123598399e-08
8.568540891186061089e-09
6.647517026626180523e-09
5.157656513843680125e-09
4.002184253480769439e-09
3.106046674301404424e-09
2.411036112016927537e-09
1.872016344399390017e-09
1.453979998435361172e-09
1.129770552134488376e-09
8.783300433202791745e-10
6.833299610073464276e-10
5.321032370614098668e-10
4.148285348559629282e-10
3.238873228596658540e-10
2.533741287367002155e-10
1.987081864281059344e-10
1.563392374427553687e-10
1.235146882270437206e-10
9.810264874872384278e-11
7.845152608964263569e-11
6.328374314932562577e-11
5.161215952625799490e-11
4.267434118547647103e-11
3.588054728747493363e-11
3.076970014358921185e-11
2.696520013777680211e-11
2.412128962534631755e-11
2.185249074092078072e-11
1.967598369368216417e-11
1.710341014768804332e-11
1.401484253412123815e-11
1.090828890933557204e-11
8.422844162376081300e-12
6.755111062570659408e-12
5.652306715392192881e-12
4.686892017413238758e-12
3.730091546750240016e-12
3.033688565729005897e-12
2.569350024851638782e-12
2.141139100330790444e-12
1.863735590936933598e-12
1.637905041501863451e-12
1.520986694066827415e-12
1.426900289504184785e-12
1.362069023383816425e-12
1.295925260976641691e-12
1.270358037722659340e-12
1.419329293763185784e-12
