1.501888030636380510e-08
8.960065473818896371e-09
5.345457835474231577e-09
3.189060661866459630e-09
1.902593706374863105e-09
1.135112929907248905e-09
6.772477015610521543e-10
4.040935021653280359e-10
2.411351019004847797e-10
1.439174414315711142e-10
8.591938165587226737e-11
5.131889048341324464e-11
3.067696766498787631e-11
1.836263761328519517e-11
1.101656818495396508e-11
6.634258585014107021e-12
4.020090517255691948e-12
2.460534548191709691e-12
1.529688725968549726e-12
9.728151940598768229e-13
6.367028057098547026e-13
4.270114057301316455e-13
2.833304026945111530e-13
1.776973611479161952e-13
1.092909645567793875e-13
7.091876888173036626e-14
4.599894921277533679e-14
3.081553156074476490e-14
2.039740473534991150e-14
1.266491883498962029e-14
6.944308562782902176e-15
3.518531596631789264e-15
