3.333518153292590146e-08
2.585359281322402428e-08
2.005114110114145200e-08
1.555096196740151935e-08
1.206077822234578798e-08
9.353945665916611626e-09
7.254665469376592866e-09
5.626549120560298628e-09
4.363828965774471067e-09
3.384513822464695464e-09
2.625006909174943074e-09
2.035955515985699484e-09
1.579117047051478013e-09
1.224808022489856969e-09
9.500227079650629722e-10
7.369095798618324886e-10
5.716273156522913171e-10
4.434410477011716009e-10
3.440249650842201776e-10
2.669218168313075804e-10
2.071235909452069259e-10
1.607465076583042916e-10
1.247784976782368552e-10
9.688350603490951666e-11
7.524953228811562802e-11
5.847124927605960955e-11
4.545910286179278569e-11
3.536789270073381725e-11
2.754215266838249579e-11
2.147335049571273890e-11
1.676752284788609840e-11
1.311874192011062163e-11
1.029007416046810310e-11
8.097541747468030081e-12
6.398718163555151843e-12
5.082917060507831860e-12
4.064374661327661963e-12
3.276550916170695888e-12
2.667634792228308927e-12
2.197101705309605477e-12
1.832965105024832640e-12
1.549345685849141359e-12
1.324236430795692031e-12
1.137808375438068922e-12
9.718687917596791350e-13
8.125019961134676225e-13
6.561684901198739165e-13
5.128268448751198636e-13
3.967373557999713602e-13
3.126275165974898832e-13
2.534634047920003247e-13
2.058884487728577532e-13
1.624290708006598651e-13
1.275629471249940582e-13
1.018980728333157479e-13
7.899528551128748668e-14
6.084357347095918989e-14
4.580782120871912527e-14
3.383983074383335888e-14
2.432678876352130119e-14
1.716584618677185748e-14
1.193686025767001217e-14
8.278180251175203858e-15
5.843904223470785433e-15
