1.176483619291799974e-07
9.124363265676014598e-08
7.076514954686375057e-08
5.488277062024621710e-08
4.256497396299509853e-08
3.301187412578810930e-08
2.560291905026731751e-08
1.985682987151773044e-08
1.540035563191441122e-08
1.194409367125561371e-08
9.263569517071070109e-09
7.184648001400406627e-09
5.572334249478750523e-09
4.321880083412851993e-09
3.352081942978272716e-09
2.599947590286160361e-09
2.016619984367618608e-09
1.564214728313422672e-09
1.213348233087508636e-09
9.412306565630357162e-10
7.301868049289896188e-10
5.665097324547518128e-10
4.395683045838431181e-10
3.411174878469209263e-10
2.647629753794335796e-10
2.055452897423995806e-10
1.596183440991136737e-10
1.239989567016141851e-10
9.637370404818973776e-11
7.494825669765565592e-11
5.833101977873085462e-11
4.544265463939491073e-11
3.544602742048586325e-11
2.769180448825888345e-11
2.167629019575588858e-11
1.700866695129836894e-11
1.338560821864731483e-11
1.057154121576471981e-11
8.383301988691810116e-12
6.678182722165284436e-12
5.344628864455680107e-12
4.295033455078877348e-12
3.460342906826818363e-12
2.786408266166893923e-12
2.232198110346286481e-12
1.769616940240207168e-12
1.383348872514721223e-12
1.067820855035112077e-12
8.201661247319682507e-13
6.329287578832181363e-13
4.918026034509355892e-13
3.804974350032034648e-13
2.901172369380147847e-13
2.203958857810548450e-13
1.678610670741572363e-13
1.260436086088144656e-13
9.441777452222969313e-14
6.979149766096775899e-14
5.129369873875326043e-14
3.733993893423278629e-14
2.718678937444923967e-14
2.006352621382264910e-14
1.540719036855413484e-14
1.291535900440512973e-14
