9.990801255451832 5.972695416741113e-11
13.04690781817483 1.5905604264929407e-10
17.116433194860043 4.1448437879329147e-10
22.045773429092232 1.0118256811699208e-9
29.73181507044301 2.7543296803456516e-9
42.17935361815165 8.544522582707817e-9
57.14712736918598 2.0417345747142184e-8
78.86467065393147 4.879384798271555e-8
120.43020113095046 1.358555027198169e-7
159.45490740501765 2.55582776312941e-7
242.37755828727543 5.852099399461507e-7
309.31976663957676 9.453872254665702e-7
440.8436325743791 0.0000017411889815547213
527.499706370262 0.000002414939054872389
637.0252906252925 0.0000034983589234680145
859.1178802133907 0.000006034363573359255
1191.0753824773783 0.000010639358039800059
1621.183348223432 0.00001875620932273065
1985.0058479871266 0.000026589403995645052
