10 6.061626125885263e-11
12.444115368749067 1.3692891020930362e-10
15.901527657025628 3.293466639402513e-10
19.919598271388736 7.440100875406317e-10
25.28585818271515 1.6809061968313014e-9
32.95987921510184 3.91898216876005e-9
41.5628228323889 8.316574440808267e-9
55.63188057081152 1.9393334428041745e-8
80.093472340677 4.816698389065636e-8
116.84924194824927 1.123858422447375e-7
160.6036442768527 2.1056642066500154e-7
223.68676451462923 3.8240077836202633e-7
337.33200990733235 6.526932213483479e-7
543.5653926310248 9.531475812858395e-7
836.18458725527 0.000001189979742659276
1195.9081944842408 0.0000012698989338688696
1643.7181025083942 0.0000012726457699287193
1991.9598271388734 0.0000012350584732601355
