1.000000000000000000e+01
1.202007388645081676e+01
1.444821762357368655e+01
1.736686433628764803e+01
2.087509924981451448e+01
2.509202353697644838e+01
3.016079768750197587e+01
3.625350166780687289e+01
4.357697686896064937e+01
5.237984817130652715e+01
6.296096451801801663e+01
7.567954454687844645e+01
9.096737171464249627e+01
1.093434529266238400e+02
1.314316383177675505e+02
1.579818003596846268e+02
1.898952913037931580e+02
2.282555432160695261e+02
2.743648494449123518e+02
3.297885762172800810e+02
3.964083053039123570e+02
4.764857118955779924e+02
5.727393462822958554e+02
6.884369259990737646e+02
8.275062716669939391e+02
9.946686526938710813e+02
1.195599069791681814e+03
1.437118915746788161e+03
1.727427555089246425e+03
2.076380684566383025e+03
2.495824924488725173e+03
3.000000000000001364e+03
