1.000000000000000000e+01
1.094761169853718208e+01
1.198502019019481679e+01
1.312073472413811182e+01
1.436407089593774167e+01
1.572522705789854847e+01
1.721536797012036146e+01
1.884671637843118575e+01
2.063265327035257002e+01
2.258782763143731387e+01
2.472827660224646706e+01
2.707155702154165766e+01
2.963688943466458525e+01
3.244531574831870557e+01
3.551987182490265127e+01
3.888577643208455470e+01
4.257063809745903171e+01
4.660468156499351977e+01
5.102099571075232376e+01
5.585580495140474966e+01
6.114876637172097418e+01
6.694329500821696399e+01
7.328691995705814577e+01
8.023167422716481667e+01
8.783452153625333381e+01
9.615782355057035602e+01
1.052698514008097703e+02
1.152453456698775227e+02
1.261661294457513236e+02
1.381217794679464532e+02
1.512103608726062589e+02
1.655392315628972426e+02
1.812259228024830406e+02
1.983991032550660805e+02
2.171996343774446530e+02
2.377817258228510866e+02
2.603142003316606861e+02
2.849818784846241329e+02
3.119870946769371471e+02
3.415513567477863148e+02
3.739171628783313963e+02
4.093499906610651919e+02
4.481404746557165595e+02
4.906067902928926401e+02
5.370972636792246249e+02
5.879932287106993272e+02
6.437121549293904081e+02
7.047110717795569599e+02
7.714903173502550544e+02
8.445976423531819819e+02
9.246327029982622889e+02
1.012251979619382723e+03
1.108174161394857038e+03
1.213186041330297485e+03
1.328148969856957137e+03
1.454005919980613953e+03
1.591789221932207965e+03
1.742629030763044966e+03
1.907762596339201309e+03
2.088544411771471914e+03
2.286457323522381103e+03
2.503124694319964874e+03
2.740323718643454413e+03
3.000000000000001364e+03
