4.468889942053833117e-07
3.465889075983968424e-07
2.688002114914899107e-07
2.084704415994162306e-07
1.616811109926834445e-07
1.253932006258372290e-07
9.724976907165791179e-08
7.542286806594406670e-08
5.849481593664616038e-08
4.536611628632048381e-08
3.518404434954620475e-08
2.728726182219839312e-08
2.116286044174539427e-08
1.641304742836612228e-08
1.272930657356253122e-08
9.872358437330780906e-09
7.656621183984834094e-09
5.938165014631576446e-09
4.605373509888622935e-09
3.571695339394302688e-09
2.770009233822299572e-09
2.148251411739167685e-09
1.666042565794656407e-09
1.292073978515866975e-09
1.002042848623569252e-09
7.770942438897618425e-10
6.026368202732781394e-10
4.673395707426807098e-10
3.624160914951231981e-10
2.810441004369960615e-10
2.179486338726514160e-10
1.690325471372652850e-10
1.311201262487915946e-10
1.017471608542113107e-10
7.900269059234436026e-11
6.139697177801348044e-11
4.776632955959545932e-11
3.720756129443064240e-11
2.901404545045661273e-11
2.263709322467085671e-11
1.766540764619817997e-11
1.379840553156670720e-11
1.081326605537955717e-11
8.539213939535409743e-12
6.820799956888248150e-12
5.496656742204299596e-12
4.417784373328519897e-12
3.533484560203182187e-12
2.866898956834091128e-12
2.343575100445726349e-12
1.934667943008284855e-12
1.640211959981029307e-12
1.447948400335535425e-12
1.268661300168057929e-12
1.140555308830909792e-12
1.066095604219447856e-12
1.012884199236135078e-12
1.013308878195067721e-12
1.014626213047258456e-12
1.037254561674834283e-12
1.051706633089055190e-12
1.044422376585460538e-12
1.050451015856480631e-12
1.120151104874319135e-12
