2.344951705988094021e-09
1.624295291894515717e-09
1.125360110784129174e-09
7.798641483411312743e-10
5.406753341169574406e-10
3.749595725412851778e-10
2.602116473655841037e-10
1.807391163150198402e-10
1.256752154828526816e-10
8.752542083167916935e-11
6.108864595180504492e-11
4.276210247074729234e-11
3.005296465186777975e-11
2.123515375239114145e-11
1.511510758303951298e-11
1.085703107945612985e-11
7.882512407253499006e-12
5.783473144247810248e-12
4.267405153353373963e-12
3.125046070368935691e-12
2.242892104864235540e-12
1.588781826751298740e-12
1.144795264474001323e-12
8.302277767900484466e-13
5.846439528947413527e-13
4.297708244947879470e-13
3.104160305554424659e-13
2.255374150353636710e-13
1.769785901690599936e-13
1.461309182108100166e-13
1.787712786737727778e-13
1.646019342418430371e-13
