1.807793231878577603e-08
1.402058845962383014e-08
1.087386053985983574e-08
8.433370065459145196e-09
6.540612779168866080e-09
5.072671081764170974e-09
3.934209272827875803e-09
3.051264902949501049e-09
2.366480030368298249e-09
1.835388388058700854e-09
1.423500124124302282e-09
1.104052311073271477e-09
8.563043090958177635e-10
6.641593843254257942e-10
5.151407865960821360e-10
3.995675975368728123e-10
3.099335598504591574e-10
2.404169830366779689e-10
1.865026592690972005e-10
1.446888043852787326e-10
1.122595795529295311e-10
8.710878068117556074e-11
6.760291928377117489e-11
5.247513702885872889e-11
4.074275157006581831e-11
3.164360987673887969e-11
2.458685080528820488e-11
1.911410882698492505e-11
1.486989023405129773e-11
1.157836763906246534e-11
9.025900047751757194e-12
7.046511040935560807e-12
5.511686723763413494e-12
4.321572643486286343e-12
3.398874146463860647e-12
2.683452977795432991e-12
2.128685872771919885e-12
1.698364458247249392e-12
1.364260521071816999e-12
1.104307157979533627e-12
9.012052846462538063e-13
7.412770180246259575e-13
6.135466944274342198e-13
5.091803104092981098e-13
4.211982667706962626e-13
3.446721153314619481e-13
2.772978591050150093e-13
2.196540542410479659e-13
1.735767389859226988e-13
1.393034206158252248e-13
1.146402087782918525e-13
9.548507445365181431e-14
7.886736316763100882e-14
6.561973229036673652e-14
5.617250584377454056e-14
4.765647495870042995e-14
4.079435600348677194e-14
3.463878313597385530e-14
2.907196199494794821e-14
2.369827365169505003e-14
1.889405573363948470e-14
1.486401335559886228e-14
1.188623436525235096e-14
1.016876540254788406e-14
