1.701104772021682912e-12
1.701725883964491837e-12
1.702469897039693110e-12
1.703361402362522871e-12
1.704429277648948395e-12
1.705708403094950479e-12
1.707240064811961269e-12
1.709074572457883866e-12
1.711270555699561947e-12
1.713899354394883524e-12
1.717045047658102051e-12
1.720807816404256711e-12
1.725307178652014755e-12
1.730684477191342010e-12
1.737106600093757482e-12
1.744770127759876318e-12
1.753905486198267895e-12
1.764780593527590821e-12
1.777703799787289941e-12
1.793025474652251430e-12
1.811135074192979370e-12
1.832452226933239841e-12
1.857405233503558797e-12
1.886390698004601258e-12
1.919700077842770997e-12
1.957398196566097710e-12
1.999128110644943984e-12
2.043821122333992354e-12
2.089306261477202859e-12
2.131865346709386287e-12
2.165904082253721497e-12
2.184097217499089821e-12
2.178502780559892915e-12
2.142945568040977714e-12
2.076133005504086933e-12
1.983851440245756871e-12
1.878504221129870854e-12
1.776006280768947113e-12
1.691972961986555506e-12
1.639025215197721126e-12
1.624752071123967061e-12
1.647072738513970287e-12
1.683100585765515451e-12
1.681063180000347317e-12
1.595385956880888208e-12
1.451696943931739029e-12
1.324180230751182273e-12
1.256861711165602714e-12
1.224835939299613148e-12
1.141779457780941169e-12
1.003565788447243097e-12
8.987483662156957621e-13
8.248875808490178864e-13
7.163713480044835982e-13
6.201035759990034509e-13
5.430033975573341894e-13
4.568955370030721060e-13
3.912974266221336814e-13
3.270138745055645547e-13
2.753979988788149665e-13
2.307798087746625059e-13
1.941120377153095828e-13
1.649887963809638790e-13
1.442508054239446209e-13
