7.771199013815408275e-08
6.027160765922160483e-08
4.674511366073984840e-08
3.625398804910711006e-08
2.811714811776089006e-08
2.180665657533072231e-08
1.691292660287706030e-08
1.311759191375167686e-08
1.017380623542930376e-08
7.890725441116823343e-09
6.120210990264013685e-09
4.746943208246680034e-09
3.681976246509073423e-09
2.855975384226139360e-09
2.215398572292433109e-09
1.718575358679759031e-09
1.333258225155947594e-09
1.034424834374768050e-09
8.026641340452825218e-10
6.229209430462600120e-10
4.835180400593344479e-10
3.754024417057768886e-10
2.915529784896350273e-10
2.265238460622166164e-10
1.760907623041362651e-10
1.369777239811424594e-10
1.066447607384031569e-10
8.312135451669543503e-11
6.488008847112644243e-11
5.073592419194418835e-11
3.977033058410789485e-11
3.127116230670864270e-11
2.468639029470447167e-11
1.958856377358489355e-11
1.564680844867040406e-11
1.260552989719382072e-11
1.026788671607552849e-11
8.483167536082667504e-12
7.137325870210260629e-12
6.145920424722986555e-12
5.449038518754524176e-12
5.007041976375753999e-12
4.793986107947752489e-12
4.777694223281492319e-12
4.858847718975421799e-12
4.763809929837598227e-12
4.148693572274895689e-12
3.154762945785083686e-12
2.304217235974302590e-12
1.806295040396340048e-12
1.567831634658553343e-12
1.367898997487321442e-12
1.073050295030670392e-12
8.533365120273754161e-13
7.461465448377215336e-13
6.113814879300507324e-13
5.326315459108446673e-13
4.691091596057045571e-13
4.405917749699636184e-13
4.262065740644819516e-13
4.547110710752899737e-13
5.279565318074475575e-13
6.263971884007296400e-13
6.507309498163660434e-13
